14116710.57387099,4487316.85104746
/map.naver.com/v5/search/%EA%B2%BD%EA%B8%B0%EB%8F%84%20%EC%95%88%EC%82%B0%EC%8B%9C%20%EB%8B%A8%EC%9B%90%EA%B5%AC%20%EC%9B%90%EA%B3%A11%EB%8F%99?c=14114486.623970
/map.naver.com/v5/search/%EA%B2%BD%EA%B8%B0%EB%8F%84%20%EC%95%88%EC%82%B0%EC%8B%9C%20%EB%8B%A8%EC%9B%90%EA%B5%AC%20%EC%9B%90%EA%B3%A12%EB%8F%99?c=14114500.955913
/map.naver.com/v5/search/%EA%B2%BD%EA%B8%B0%EB%8F%84%20%EC%95%88%EC%82%B0%EC%8B%9C%20%EB%8B%A8%EC%9B%90%EA%B5%AC%20%EA%B3%A0%EC%9E%941%EB%8F%99?c=14116982.770675
/map.naver.com/v5/search/%EA%B2%BD%EA%B8%B0%EB%8F%84%20%EC%95%88%EC%82%B0%EC%8B%9C%20%EB%8B%A8%EC%9B%90%EA%B5%AC%20%EA%B3%A0%EC%9E%942%EB%8F%99?c=14116982.770675
14118017.92110281,4482447.21773410
/map.naver.com/v5/search/%EA%B2%BD%EA%B8%B0%EB%8F%84%20%EC%95%88%EC%82%B0%EC%8B%9C%20%EB%8B%A8%EC%9B%90%EA%B5%AC%20%EC%9B%90%EA%B3%A1%EB%B3%B8%EB%8F%99?c=14113824.965944
14117182.51285221,4482400.68102408
/map.naver.com/v5/search/%EA%B2%BD%EA%B8%B0%EB%8F%84%20%EC%95%88%EC%82%B0%EC%8B%9C%20%EB%8B%A8%EC%9B%90%EA%B5%AC%20%EB%8C%80%EB%B6%80%EB%8F%99?c=14085521.984074
14118607.413466316,4531424.79779052
14119911.131682742,4530725.34142103
14118981.714122158,4530513.26680130
14117305.799188267,4526253.40964442
14121366.511573423,4529383.95727907
14126372.693789732,4529598.3568379
14123752.232976455,4533948.4413530
14134472.856537309,4533002.20567332
/map.naver.com/v5/search/%EA%B2%BD%EA%B8%B0%EB%8F%84%20%EA%B3%A0%EC%96%91%EC%8B%9C%20%EB%8D%95%EC%96%91%EA%B5%AC%20%EC%8B%A0%EB%8F%84%EB%8F%99?c=14125904.405070
14126851.14496116,4537604.86871966
