14135553.323514942,4520966.74856530
14135882.339401934,4520271.26475237
14134308.315197963,4520843.69298269
14133573.072225172,4522010.15234157
14134033.934917051,4523959.86137801
14134106.582016747,4519728.3079336
14132910.832574438,4519701.95793312
14133616.8096531,4518651.60771019
14136025.1453471,4519483.8111176
14137670.9301123,4519139.8444904
14138058.234696772,4519842.36094020
14137639.495300207,4521234.49779276
14139396.851573568,4518964.52194430
14138784.594374198,4519484.19373238
14139250.689082157,4519963.0168908
14139309.131814819,4519922.00213914
14139800.38472769,4519541.64011752
14135354.50690439,4518022.43686308
14135273.421787295,4517072.62908841
14136000.15995099,4517459.58572493
14133823.863905977,4517287.98394089
14137082.174269546,4517475.15921762
14138452.66191655,4517719.74613785
14138136.458902951,4518076.92605589
14136609.088697579,4518393.69926244
14140007.661619548,4518175.79376954
14139944.343093183,4518485.126545995
14139193.69350287,4517752.1016366
14139737.711854372,4517457.19844676
14138491.735057827,4516651.32659261
14138574.423175585,4516394.6328812
14139210.280106995,4517044.0670993
14135141.263287824,4515858.19550825
14135969.847653646,4515506.51082814
14136464.47354709,4514896.62258384
14132180.56558289,4513852.327643055
14133327.078414414,4514990.25159848
14133084.702487115,4514314.18721236
14132895.8306166,4516015.4519859
14133779.380637456,4514472.06643623
14134606.439926255,4515044.21958016
14134180.07514457,4513108.34139718
14134591.968392458,4512036.897568963
14132533.33704922,4512716.3520983
14136981.218623351,4511902.35373365
14137040.518516097,4513704.691299736
14137595.568629142,4512725.938999
14137630.99049111,4513880.40363093
14140969.239381019,4517609.28319669
14141603.760478538,4517252.45626362
14141084.677692976,4518293.90258976
14142627.899793837,4518341.93295510
14142682.11238585,4517624.59009452
14140842.557800498,4517202.04367957
14141311.546815205,4516510.47495043
14139980.388344306,4516731.08392098
14140069.466200832,4515657.09298867
14139440.9250486,4516509.9329859
14139074.025050264,4515167.34736459
14143102.343463603,4514941.45040613
14142502.665366698,4515540.53027273
14143590.8133892,4514581.20468450
14143727.34674466,4515799.89882753
14145323.21183272,4516684.40895997
14143759.295438517,4518024.0940044
14145691.968777929,4513781.0149723
14144943.356334288,4513816.1518436
14146752.286927726,4513874.50766723
14146974.925909314,4513076.75824521
14145518.132261101,4515552.38024143
14146017.500364851,4516768.65994339
14146536.471830923,4516580.30376506
14147289.292151313,4518205.00486375
14147584.188614372,4515663.11632016
14147113.93055747,4514992.77870900
14148453.816476453,4514502.68511732
14149044.021284688,4515613.11856175
14146485.120149825,4517548.47711731
14146646.422091987,4517496.9396777
14146500.370920066,4518696.54993298
14140950.838269185,4519718.48988197
14142256.315333571,4521047.8592810
14142891.036806177,4519979.54925237
14143891.7870682,4520402.4195297
14144393.649556804,4518495.29454518
14143269.322699789,4519128.42644792
14143732.768003862,4521780.93258673
14142838.1489161,4521141.78217412
14144964.161947113,4518554.98258500
14145434.48679572,4520049.54168920
14144891.804278102,4522079.28733224
14143865.650080021,4521411.0249841
14144861.19141813,4522770.1003867
14144819.446609091,4523544.0000969
14147307.18119349,4521296.39294970
14146912.6445634,4520678.1396846
14148501.33876707,4522000.89410380
14148867.023294326,4523160.69620199
14146375.13649292,4521639.14085230
14146426.454778176,4521075.1398190
14146846.63019618,4522009.2813082
14147104.27915762,4519513.54893622
14147233.743725408,4520116.26178711
14147282.390342887,4523054.61567909
14148655.850220297,4523898.79353768
14148065.022022907,4523942.0018783
14146550.24205194,4523237.341805981
14146054.903713759,4523470.31698127
14146310.894014787,4524810.9700672
14146039.58615182,4524418.71063168
14138811.500295129,4523700.81028701
14138025.36205114,4524310.8046300
14138352.318527553,4524946.62156713
14137941.2935717,4521825.24202004
14140512.77380902,4523551.02559272
14138751.19852696,4522796.93581940
14140113.415135805,4520316.42463476
14139203.901500177,4521784.34640133
14139842.519154955,4522226.85926236
14139427.87631565,4523271.13349274
14139740.784272317,4524546.15047370
14140616.078296479,4524008.77492394
14139949.686428737,4521084.36914181
14141489.012347426,4522932.87028643
14141559.399661463,4524527.48899052
14142940.930201951,4523892.94813035
14142441.428514805,4525057.04962438
14143647.808968488,4524812.178598653
14143881.568767201,4525395.241052
14144411.794633802,4524892.98188963
14139534.709630962,4527300.43368194
14139620.82638904,4526916.78114458
14139524.868987974,4525428.1262379
14137624.311321657,4531964.35499520
14138759.480697077,4528894.11649570
14140294.587607067,4527536.36695952
14141331.027726095,4525334.53021223
14140228.964767244,4525641.32031498
14140791.451022271,4528398.52104536
14139788.106187854,4529355.09451398
14140149.593970302,4528513.32941488
14141894.003786888,4527619.83393722
14142768.384991217,4526708.33982202
14140482.383588035,4529822.53210060
14141908.486452643,4531223.78927697
14140677.170433026,4529956.09757417
14140739.587271515,4531011.25457904
14140684.094505351,4531383.11931688
14142108.828140218,4532093.20881211
14141482.700532306,4532656.83463724
14142458.104174528,4529872.96341076
14143319.349678952,4530413.05906998
14141936.70594355,4530372.9593745
14141542.61268225,4528891.24862661
14142357.115132485,4528430.78309591
14142410.70433535,4534134.5791140
14142760.03602941,4532877.17998225
14144588.458665688,4525868.57284511
14143230.36087801,4527644.99504651
14145284.038503911,4526029.98557554
14145794.939306904,4526567.788344556
14146869.172393065,4526069.97022020
14145655.478248838,4528769.51955654
14145142.083889257,4527570.0741565
14144758.0758287,4529000.2211391
14146518.515997063,4529796.17069584
14146198.060578916,4530458.825214935
14146259.264034953,4531326.99988059
14143683.921011295,4534307.00634818
14143318.00271311,4532460.10567084
14144724.58013903,4532134.28543143
14145200.437566321,4531342.2003295
14145296.428363238,4531918.69474788
14146377.5853654,4533321.3018944
14144279.54707874,4531685.08109171
14144562.2059437,4530784.5480182
14129763.42981955,4523380.64459959
14128760.274228271,4525062.74109952
14130013.920937736,4524531.92952115
14129478.741353791,4526792.05318050
14128299.634175364,4526403.76716116
14128206.51542132,4525684.12829874
14127599.913252082,4524722.733597293
14128125.864450235,4523691.19927220
14129428.19117302,4523169.04218550
14129014.973223198,4522313.248252423
14128194.081034195,4521983.1081950
14127803.09358668,4522799.057367017
14127854.589983124,4521958.50861919
14127227.11540937,4520867.53137687
14126169.680434372,4520844.10035609
14128786.066954281,4528003.35767006
14133055.759419505,4518564.53270298
14132531.021603804,4518131.48575109
14132791.37562887,4517383.47394804
14131047.555805597,4518230.28376111
14130359.089282837,4519406.985725909
14131423.43719821,4521340.517705386
14131975.96035881,4522203.397096
14131935.662703145,4521120.48579357
14131332.978979994,4522121.30803054
14130256.163281646,4520290.32599154
14127943.411804821,4519395.28589035
14129102.681849997,4520047.12572732
14127214.269140128,4520199.41669444
14127690.159963269,4520473.32689277
14131249.044083927,4516021.41951733
14131525.1164211,4515639.93563920
14133125.334101249,4516076.45992918
14132708.442608234,4516679.95771854
14131077.055470657,4514902.84202908
14130360.458512578,4515644.87785155
14132033.067257587,4514308.57177608
14130018.139946435,4515730.945730587
14128662.914201621,4516925.5230399
14127080.685751174,4515969.88959819
14128895.41609009,4518085.77355470
14127076.93428434,4516777.59058740
14126705.839629833,4517488.72460526
14127318.575503003,4517923.00886119
14127438.243955601,4518664.94991243
14125851.99687155,4520027.34857202
14123227.695535835,4513295.45598056
14124057.749318939,4513960.5469525
14123298.606051479,4515511.32661568
14122481.30948202,4515333.80383055
14122920.11978278,4513582.10010958
14118816.549393665,4513635.86430458
14118554.937458355,4513751.05818035
14118344.888711173,4514598.75338991
14120257.980952155,4512535.8869886
14121848.313461524,4512321.90715052
14119777.971307855,4512486.76036823
14120173.144368213,4511288.08610157
14119167.172393817,4512107.83343531
14121411.451251853,4511160.65327308
14121351.962115977,4511629.93091897
14123170.121095207,4511727.85354354
14122485.573018517,4511422.62204555
14121961.035577897,4511043.71957918
14123211.743452813,4516577.4392720
14121870.47717214,4516865.22644655
14120671.10984638,4517291.08735243
14121020.786630865,4518494.03056684
14122056.892791424,4517607.05035750
14122268.900761638,4515018.66758745
14120624.155285168,4515217.60974992
14121390.92393775,4513496.75177175
14122047.66440564,4513919.87859725
14120886.7913598,4516305.9619092
14120692.06017455,4513614.26032986
14119938.093263406,4513298.96528826
14116465.036470149,4517280.47116114
14116668.138881098,4519076.65650459
14116060.122954335,4518393.23580820
14116936.69715264,4520116.26178711
14119583.117671173,4515015.56484972
14119002.887089308,4516480.24355707
14119974.02719504,4515803.32473139
14120270.114776652,4518776.16836357
14124281.846585859,4510121.19331623
14123744.830230322,4508055.30815775
14125251.650857698,4509053.74530344
14124603.303879421,4507821.53944485
14125697.529946122,4507100.3996100
14125237.758185249,4507856.61424029
14125065.246370364,4506628.07023224
14122296.396675866,4509089.91868803
14121820.839811195,4509965.69508063
14120323.470208589,4508619.89892485
14118837.477457937,4508152.3555536
14121002.697213609,4509077.93571437
14121606.549791414,4507747.72842878
14121304.651332382,4507066.18310728
14119712.682426501,4507460.20573636
14125523.036644306,4505791.20349230
14126102.521385577,4504859.25121391
14126416.319898177,4504277.78032235
14127320.022656385,4505742.9220597
14126675.104318421,4504490.47391582
14126806.561505098,4502514.53213647
14127117.588162374,4503274.00613453
14128284.327745374,4502035.67866087
14127088.422455784,4500659.25615249
14127366.665523026,4502353.28526291
14129817.096946057,4511402.80504228
14126158.737728428,4512534.84830918
14125134.041815672,4512350.372041821
14127201.467398692,4510980.55178860
14126392.397339601,4511430.55166430
14126145.824667495,4513388.80396596
14125988.307588022,4514335.52589769
14128828.791374851,4510612.40103729
14127305.272823852,4510055.78582659
14127701.29191235,4510216.00052055
14127029.801611934,4509258.38334930
14127538.431497324,4508949.72997917
14128833.967731174,4509928.32589107
14127479.16500042,4511091.78686014
14125992.537728671,4510360.963461
14127091.03846382,4508395.57427900
14126253.448351193,4508014.45227263
14126224.215852913,4508797.72886745
14130601.387286495,4510225.40270273
14129376.650248792,4510172.63832684
14131120.247433085,4510758.534271955
14132079.487485249,4509487.4272301
14131148.80088247,4509820.52712083
14129930.464715485,4508918.15936467
14130644.356609944,4509113.19712686
14133850.023986321,4509858.31690451
14135200.140166502,4506655.25710728
14134455.602016237,4507164.38575193
14134412.521373298,4506365.884638
14133880.915145013,4507032.26132185
14135259.03930908,4507450.25888870
14127562.142548855,4507480.04334223
14129319.654669505,4508880.69569221
14130100.082223605,4507334.54505576
14131161.524700265,4506969.67886191
14131068.706508841,4506106.37084642
14132943.14862262,4505706.04484570
14133708.392198179,4505537.76351917
14135108.112343471,4505459.49405514
14132963.920839604,4507886.90492811
14132781.735360969,4506319.66265777
14131977.407512192,4506821.80280568
14131796.502207708,4507555.26945619
14129927.681728218,4506188.23623330
14129471.683698077,4506441.14484017
14128455.982400183,4506984.64755348
14129457.35687961,4507267.21893610
14127481.424786087,4506389.31133493
14130338.52857289,4505522.48830368
14130561.156422522,4504908.95922852
14130112.806041408,4504836.95000855
14128544.537055109,4503620.27374224
14128508.001998235,4505343.03073543
14128174.778234493,4505689.07211297
14139700.943026561,4507454.81844393
14140353.865235914,4507920.15603871
14138959.354842793,4506728.90611686
14140048.738511648,4509394.29642712
14139158.227113102,4511129.46895581
14136023.53704406,4509098.40780530
14138991.281272758,4509887.23817898
14136964.086553711,4509677.17134946
14138195.936906885,4510719.94131523
14137612.478059787,4508696.26973842
14136326.882656466,4508209.90815666
14136961.370358143,4506690.28591454
14135959.60626049,4506193.49662529
14137464.011254925,4506275.96588912
14136606.550613191,4507575.14933070
14140552.459207486,4505052.97915221
14142160.357932512,4504907.07974512
14146111.309299741,4503153.83679572
14140111.344593268,4512400.91566127
14140994.286266442,4513331.81246540
14140770.20013148,4510674.33164062
14141717.862956602,4511465.021014878
14141284.284671914,4508400.58322699
14144546.62480105,4511037.37611800
14142690.461347666,4510603.04060859
14143063.381641824,4512551.50930229
14143885.765512008,4508069.50673755
14144008.550910357,4508998.04021922
14144736.21302582,4509333.60819958
14142643.707161535,4508321.197996899
14141853.361040797,4507751.78304058
14142735.267442707,4506742.89247296
14143972.427735586,4506490.56576599
14143314.329169918,4506054.58107921
14145251.05453879,4507596.37608380
14147200.381274018,4506695.19584882
14147367.315982413,4507886.34372884
14145762.879293557,4507928.99495928
14149253.891920682,4507475.441687738
14149219.349482689,4504031.75398521
14151164.657584298,4514377.64185165
14150573.217129719,4513069.7397799
14153519.888578814,4508605.4470422
14153926.828109358,4508123.03218908
14154264.259749848,4508464.00204728
14154360.083567526,4509107.1635301
14151370.598642271,4510565.57091030
14152525.53835925,4511195.9778346
14151840.85669918,4509459.75591519
14150313.063479733,4511075.56325101
14149812.459729638,4509856.0015220
14149119.16194098,4509535.41720927
14147876.324354064,4509412.2153074
14146963.79396024,4509887.35044027
14150560.749346752,4509349.4923444
14151126.207832184,4508405.39574791
14149333.284981523,4508545.71748252
14151676.326491784,4508849.74266165
14151398.083424542,4507642.11265761
14149910.721444156,4507603.50311960
14152279.5222846,4505850.93138277
14153326.148137037,4506108.47498647
14146159.677618492,4510249.06255972
14147408.960603919,4510705.76721047
14148081.107689332,4510902.38199975
14150074.049401056,4511899.56069717
14148779.637494061,4511577.29981639
14157189.825023483,4518429.70831530
14156000.4987158,4516271.65915209
14155870.689057585,4517523.90201229
14153850.863688838,4516014.21654608
14154422.723044988,4515539.266651276
14154148.57653502,4517317.58574991
14153251.57521015,4516755.46057784
14151735.993738856,4516294.95356235
14152804.571794879,4515349.711119
14152028.21853413,4514618.56240393
14152343.308352817,4516261.24057188
14151570.216753159,4515128.96278930
14151203.619406078,4513303.68179967
14151998.217931364,4513582.10010958
14152366.35148741,4512681.640009792
14152794.152290534,4512312.8960915
14153374.02665003,4513703.31559766
14153846.72260378,4514535.56414922
14093555.262625914,4502465.85912997
14096015.312052954,4504971.459256276
14096841.60323726,4504486.29433645
14095110.729870763,4505555.605672331
14095744.249092873,4506216.34779874
14097267.990282852,4504554.19166932
14096810.13321722,4504859.25121391
14096270.233686868,4505775.60528291
14085359.487567697,4508120.11388743
14071055.033188302,4501164.06972213
14080621.496268604,4508105.53642164
14095888.474625144,4506680.01714514
14096406.60006309,4506842.84566140
14097796.757864121,4506547.12727050
14099925.965764519,4506552.31770163
14096208.5815602,4506009.0305167
14096299.3885530,4506018.9508538
14097528.912037317,4505676.04100045
14097480.220892046,4505183.99860621
14097801.611393917,4505640.98752845
14097990.5578038,4505567.4946555
14098388.766048107,4505854.87304275
14098308.82752176,4503845.92672267
14099630.74647494,4504098.37210765
14101268.478823487,4503546.64656746
14100180.954190131,4500595.57607717
14100556.791054945,4501537.49737334
14097626.327723715,4502938.8564563
14098825.717313368,4502957.88617556
14097526.752439197,4502374.55753658
14100089.004290741,4502907.80877937
14102737.896101955,4504252.5911788
14099576.968028937,4504269.12680689
14099934.9247108,4504958.3870863
14103820.478149924,4501200.24393658
14102509.691145834,4500292.421036025
14101566.25846136,4503949.8493368
14101150.68053833,4502677.52034246
14103102.756864984,4502739.48821706
14103332.631613474,4503594.98800850
14101286.623900484,4501298.3916584
14101694.721153732,4501790.72850859
14102988.676650818,4501956.66411934
14099179.846877474,4498846.12347959
14098420.091352817,4498682.592024337
14104321.683025267,4498163.76869244
14102121.954227451,4498119.3349575
14102154.915928673,4496647.47918697
14103285.13158675,4497719.94439762
14101767.19014224,4496192.36736541
14100407.78991652,4498511.73199064
14100922.052568141,4496360.17651699
14100767.541114915,4495396.71885508
14097432.075212281,4495172.64879148
14098823.62450694,4493771.35944057
14100092.165764276,4492447.33619007
14105469.464898992,4502352.79447266
14103834.615725253,4502398.32588285
14106856.661601562,4501966.10096230
14105657.24974801,4502878.21961537
14105177.25123566,4503664.96919554
14104766.805141155,4503226.77404904
14105801.953954097,4504283.151957
14104254.76887935,4504340.38878961
14107740.171004143,4501846.9421628
14107621.871781278,4503306.28899468
14106748.09170219,4503680.19963199
14108147.811847482,4503344.854661630
14107276.82588761,4503134.51222488
14108370.473092962,4501143.6411607
14109430.713319127,4500082.95293164
14105875.803304281,4499529.1955387
14107459.623623442,4495804.16307083
14105991.208220389,4495609.3165797
14104168.351558652,4494225.97401547
14106401.542995404,4508227.93725503
14106952.49655119,4509148.03770789
14107332.363181572,4508139.11092334
14104207.335644323,4510000.31397188
14105134.048141282,4509858.106415180
14105231.419299882,4507735.76101973
14105454.091677312,4509274.23931646
14104374.292616617,4511381.93547669
14104676.302395146,4511111.77168655
14107201.807682771,4511502.3956872
14107036.219940212,4510522.34760461
14108360.009060826,4511612.35911878
14108227.984144744,4510683.67809930
14103742.721485604,4505641.11377123
14105056.16902553,4505364.15478239
14106178.948541615,4507192.21935457
14105090.911838602,4507086.04802516
14106908.024414618,4507127.93843443
14108307.733427953,4506999.39180571
14109394.8016514,4506841.70934611
14108307.700032104,4508303.96847884
14108043.31624147,4509639.11560497
14105438.506948601,4513071.42421117
14105270.269802172,4512548.42133189
14106899.497341622,4515059.73332046
14107314.930549312,4515240.12962321
14107410.142109793,4514187.09658816
14107483.902404387,4513355.47934151
14106838.316149484,4513647.86653202
14108816.819723252,4513887.689362097
14109919.116453033,4513362.41377442
14108300.59784859,4515175.57465472
14107972.127427105,4519824.28373664
14110783.067021076,4517354.405574191
14101235.216559637,4518057.06836358
14105259.2414623,4520668.5850561
14106152.5992304,4521839.0270517
14100835.4484503,4521093.7660259
14104826.8945211,4522295.2605643
14100336.2191093,4521898.7434800
14101755.635179099,4515907.75917477
14101341.081395384,4512300.40413798
14101706.999693569,4512729.61655396
14101714.39130776,4511214.44714031
14101357.823846798,4510597.74993520
14101762.715098713,4510183.83670142
14102494.61848678,4507742.71979285
14101356.142922487,4509404.39947254
14101180.870384227,4508183.92386088
14101932.276947085,4507976.97780102
14102337.613476966,4507271.89064496
14101092.05969448,4511080.67172038
14099022.84186766,4513542.23336518
14097689.334555503,4513545.19529062
14096331.459406804,4512497.75067502
14080119.222726148,4543925.30493038
14080213.788633574,4538997.82778094
14079725.374367718,4535231.964853927
14080912.340702202,4528792.574728250
14073011.473238993,4527566.86929742
14073242.46118239,4531901.77786680
14069644.002982754,4539848.02443002
14072088.857299302,4547677.69220613
14071735.417916033,4550990.1582095
14077846.857960586,4546237.80723338
14057749.515391495,4549020.41796000
14061988.06066319,4537620.06424687
14052899.23612203,4530147.15540932
14073801.84162363,4513584.486504029
13993126.491575416,4532099.00256033
13883623.567892652,4575834.9048985
13883110.106741372,4554818.15240252
14042589.19223908,4470720.67881481
14060461.080076028,4474646.87156098
14080123.341547307,4474835.10636607
14136995.311670888,4482184.94932206
14134401.845834132,4480672.48833373
14136605.515341919,4481313.69800601
14138360.255607244,4481077.19316528
14139146.393851224,4480055.81917956
14139417.690582242,4481283.60981702
14138649.56383187,4481794.18305268
14137621.30569541,4480316.6352199
14136741.247197043,4480420.07346917
14139978.440253217,4479682.74831183
14138463.337455723,4475726.50866497
14139026.870113965,4474477.24074309
14138904.407542143,4475280.16170127
14136925.558877956,4475134.54915161
14136022.857995164,4477169.34914212
14134394.955157649,4477796.42557690
14133068.338521969,4480058.88361507
14131330.30731221,4477088.199156919
14132131.80764592,4475255.81121545
14141458.944952969,4474944.58871046
14141278.952468302,4473049.22786321
14140870.421069045,4474192.962454298
14139946.502691302,4476861.721123300
14139156.212230314,4476609.95712655
14138205.677362327,4476623.07813742
14138982.242130104,4478767.56192639
14137698.839720745,4477293.41848033
14137005.15231387,4477727.70764929
14136052.825202081,4478917.40812406
14140745.108718257,4478484.32905616
14140856.405945148,4478964.62900641
14142007.08212563,4477917.81622023
14142377.430939551,4474914.26696617
14146544.342118923,4476297.75742596
14143839.835090104,4473583.58078697
14142851.9274358,4472455.9294652
14142083.625407498,4476880.423911
14142855.837583188,4476832.65283148
14143007.510389399,4476128.68750463
14143496.915398713,4477295.97850123
14142848.423705097,4479635.69211600
14145370.812046986,4479921.47464371
14153290.481372181,4501041.84947140
14154155.901357513,4501114.30934954
14153804.376669485,4501830.08785024
14154287.12477326,4502341.19780691
14151623.638976786,4500710.03785461
14151893.57761002,4500229.92084531
14152995.495853532,4501629.47873986
14152402.786356758,4501399.31651625
14153311.331512813,4501729.97210904
14153045.611888286,4500418.02539402
14154869.648536626,4501934.46723988
14155500.5517507,4502700.60224617
14149741.437894512,4503188.89597742
14148879.93635526,4498517.479144867
14149593.70579828,4498090.03963264
14151721.255038273,4504207.06574238
14154234.84914038,4504575.22997364
14152228.771728743,4499489.4382842
14153863.765617821,4498975.45334912
14155646.714242112,4501334.56633604
14155834.799653757,4501495.12452128
14155989.722989094,4500569.94712907
14155103.419467289,4501172.73469702
14156377.871789593,4502314.21843101
14156127.414067257,4503016.4339806
14155890.96033686,4499655.2954437
14155195.269179147,4500460.12751498
14154586.240245018,4497296.32163313
14152171.019176926,4490834.8153979
14151611.349305008,4490370.34683616
14151029.749493409,4491152.32144804
14150407.829762246,4490243.09779852
14150882.295695905,4489517.19846545
14151245.219499793,4486655.37904097
14149492.36053386,4488235.86227163
14150016.730995242,4487916.28779915
14150712.500076596,4491573.67927102
14151611.304777209,4492613.768611751
14152558.83401895,4491651.92929622
14149415.605744954,4491198.25255240
14149986.262850609,4489608.206248905
14151726.731957216,4494948.737648617
14151139.577303026,4494948.72363593
14152071.121065881,4496688.48702877
14152928.826610494,4496527.51184773
14151753.13694043,4496328.95209560
14146233.170746315,4493698.08154879
14150531.98439033,4495861.04536282
14148567.5293363,4493597.16065442
14149919.237385202,4493392.491630509
14142900.242928062,4543648.06158108
14142342.33190411,4542869.20675001
14142405.2485518,4543666.5759414
14142974.326049183,4538816.06389960
14143662.569932971,4540835.79525752
14142369.026317995,4540855.47112376
14143902.073817406,4541554.46699820
14144029.289731484,4543282.16458745
14147244.820014741,4541513.46586545
14144075.932598125,4544214.6775379
14147595.198112015,4542705.05580426
14141390.0692698,4544629.2047663
14141378.1259842,4544629.2047663
14141361.4053842,4544626.8161092
14141167.966935981,4545583.66788425
14129330.029646043,4494862.99435538
14128431.22494543,4494523.20893405
14128763.057215538,4494209.15995949
14128420.070732456,4495721.20152216
14128080.601945277,4494488.17868974
14129846.251520697,4493612.57263997
14130018.80786338,4492801.21838530
14127376.595221605,4493813.322822954
14130436.178030211,4493961.67418124
14127619.193787891,4497764.47455695
14127493.848041255,4496979.06427118
14125910.038854044,4496293.34123285
14127457.24619269,4495527.35152626
14126609.02506869,4495256.58692314
14130212.993583117,4494965.819130260
14131436.528370325,4495633.70022063
14133627.718963202,4495682.874068595
14131052.542918783,4494596.82887634
14131695.357318368,4494122.82020606
14132029.282394905,4494460.23865063
14133057.484871615,4494830.38714520
14133594.323115963,4493665.09965879
14134177.570456024,4492979.92922119
14132283.91459814,4493576.43857494
14132718.439098503,4492479.96402185
14134348.657381427,4495328.99285887
14134645.056657609,4493522.79113653
14132992.797115516,4490447.74749975
14132939.809037898,4490934.77126861
14132302.905703265,4492371.54586842
14133807.499940831,4491667.84272747
14112918.063535001,4507768.63284549
14112918.063535001,4507768.63284549
14112918.063535001,4507768.63284549
14112918.063535001,4507768.63284549
14114772.646251623,4507062.95646457
14113876.635670219,4508553.77120174
14113876.635670219,4508553.77120174
14113876.635670219,4508553.77120174
14113740.714571964,4509413.05722894
14113752.959715951,4511321.586597010
14112116.56320129,4510900.557577183
14111773.699169647,4507325.29978887
14111139.066752639,4509884.68423498
14111139.066752639,4509884.68423498
14111139.066752639,4509884.68423498
14111139.066752639,4509884.68423498
14110953.274522502,4508320.01942961
14110953.274522502,4508320.01942961
14110953.274522502,4508320.01942961
14110953.274522502,4508320.01942961
14113061.665678125,4505995.41312636
14112968.825222801,4506568.16957478
14114777.09903125,4505313.70120295
14114777.09903125,4505313.70120295
14116069.518319357,4506008.037839347
14116392.344842661,4504908.3420846
14116069.295680378,4506008.17811401
14112968.825222801,4506568.16957478
14112968.825222801,4506568.16957478
14115698.824415017,4511381.93547669
14114869.494208608,4513012.89038458
14114869.494208608,4513012.89038458
14114869.494208608,4513012.89038458
14114869.494208608,4513012.89038458
14115698.824415017,4511381.93547669
14115698.824415017,4511381.93547669
14122281.134773675,4507440.39622680
14121539.557721857,4506700.45649525
14121650.877212655,4506257.46320314
14121582.705156494,4505825.00904375
14120593.442237657,4506047.06232605
14120763.215593066,4505060.63745443
14121268.283254746,4504732.24718485
14122868.278295916,4507744.34724852
14122729.162328277,4506882.82720368
14123141.022180308,4506352.17934412
14122488.48958918,4505396.09341232
14123013.060425643,4504147.97834027
14123623.870471623,4504082.55201836
14124396.550189171,4503241.625207392
14123964.753016334,4504222.78784398
14124762.056605238,4502336.09359534
14123964.830939975,4500650.998190490
14121026.352605406,4497201.78533664
14144509.143528502,4434260.87572279
14129933.247702751,4437147.58987472
14128836.75071844,4434546.46469479
14124790.287228104,4436729.52802440
14130265.558646668,4444666.92002483
14147653.763296116,4453053.85539790
14141507.691757988,4454203.6887812
14139550.672845941,4445004.5169155
14135383.783930462,4440185.97715601
14143801.229490701,4446822.20521014
14143661.723904837,4448559.12127132
14143984.817594912,4449897.95903738
14144281.172343303,4450490.90511269
14143506.177180354,4450639.70846930
14143412.980502661,4449770.06731919
14147175.312124688,4445043.03714417
14146752.698809844,4439103.55347025
14147897.597508755,4437725.81585598
14147282.579586025,4439220.43016565
14146539.633304466,4437622.4324770
14148173.046456773,4439189.09565502
14149067.710072327,4438565.46337972
14144907.466930453,4566328.81382005
14144401.597768445,4567798.74621107
14144524.861840602,4565088.59592012
14145084.943594623,4562283.17927069
14143056.73586822,4565561.98561891
14143496.625968043,4566389.91928564
14143952.913428854,4569456.36312901
14142513.040343236,4566058.36543272
14122672.834665928,4482455.71333014
14120813.765773837,4483897.79669993
14122086.615095463,4481758.03360242
14120522.7605480,4480598.8616347
14121083.793462653,4479582.07377517
14117083.0942752,4480285.9475501
14122496.025918704,4479505.15879805
14126695.297674049,4481855.99988001
14123353.07467832,4480486.86388527
14122412.502904762,4481212.09823394
14122111.873487923,4485477.15152312
14120512.279196922,4485944.10607700
14123468.357142989,4489665.96536788
14118170.228430118,4486844.598828034
14115800.659485195,4485809.47633053
14115612.818976436,4486404.44474686
14116710.57387099,4487316.85104746
14114486.6239706,4484865.0032759
14114500.9559134,4484915.1650757
14116982.7706755,4484781.4002762
14116982.7706755,4484781.4002762
14118017.92110281,4482447.21773410
14113824.9659445,4485662.8147586
14117182.51285221,4482400.68102408
14085521.9840745,4478261.1276364
14118607.413466316,4531424.79779052
14119911.131682742,4530725.34142103
14118981.714122158,4530513.26680130
14117305.799188267,4526253.40964442
14121366.511573423,4529383.95727907
14126372.693789732,4529598.3568379
14123752.232976455,4533948.4413530
14134472.856537309,4533002.20567332
14125904.4050707,4530868.1510179
14126851.14496116,4537604.86871966
14122283.105128657,4535450.12792677
14119044.342467677,4529349.94899288
14119290.659104954,4527355.13992866
14118130.309260722,4525653.44875745
14119325.468709726,4526212.08911307
14119602.342547227,4526770.73122885
14118985.999922555,4525215.51269305
14123397.669266332,4523076.590416891
14123694.447028782,4521014.9316822
14116420.508673828,4533483.19586219
14118339.32273664,4537397.33942980
14113137.863869574,4535973.49032423
14113072.552724328,4533260.85468899
14115305.699633282,4532083.68850951
14114477.894503903,4530049.228869013
14114178.734504338,4530915.02130329
14113584.644645873,4530601.10226289
14112029.132873226,4528917.52339784
14112897.313581917,4530084.3360959
14113836.237827014,4529102.82637683
14111821.67787018,4535312.91915325
14112770.587473605,4534960.15712489
14111999.800187398,4533892.47690098
14111789.651252683,4536335.02297436
14111223.446926657,4532929.18711254
14110922.316572111,4533486.27595851
14110320.200578358,4534734.99940090
14108136.89140543,4533123.32310284
14110220.21341173,4535855.57534562
14135004.9637033,4499771.87787130
14137063.049581032,4501789.18610775
14136361.948296066,4497725.92939703
14137845.280510891,4499244.49149859
14136885.027451355,4498407.42869716
14137419.605910044,4499710.08173345
14150513.438563157,4527993.20853195
14153078.462270018,4524715.11710623
14152582.645258028,4523719.63890889
14151794.948541176,4523243.03229028
14154167.500848453,4522545.30365655
14152507.393282253,4521259.84020491
14153164.779403176,4522115.95533441
14153270.532919433,4521929.820894
14161692.67616218,4521021.25309887
14171355.23022693,4514069.91851860
14158745.526039276,4540848.757680248
14171938.321719702,4530440.67339580
14157349.958110992,4530762.56002610
14160345.242781717,4536978.50865555
14173864.14891043,4537641.16918250
14151689.528983396,4538101.548805
14153371.566489283,4529734.30952734
14151745.255520482,4529790.88436349
14165254.877603661,4530789.3316321
14163855.112930577,4529862.48908738
14160476.243558485,4527580.96787356
14158411.523039099,4525370.98478083
14156328.679706607,4524387.33219911
14155268.9515501,4524086.71950476
14145430.256655063,4459924.77538782
14145562.504210133,4458465.41201790
14143666.733281922,4463768.12523875
14144638.5190407,4460675.2459680
14141834.837477531,4465160.24246507
14142102.115574922,4458611.93975290
14114036.35687561,4501045.06024101
14113283.10240921,4499970.86727251
14107768.368231166,4490186.72213513
14109327.798449893,4487906.31744473
14114725.892065492,4489533.09465891
14110569.22227927,4492655.37712916
14107389.84856661,4488153.24053567
14107104.403128322,4489090.39115805
14109059.45168538,4486647.94417583
14113613.231491107,4495842.32280056
14115081.012373071,4500118.128027610
14117040.112959582,4497484.33155866
14123102.683747683,4493770.60284022
14118968.467102755,4500177.78155876
14117106.78220262,4490293.89918332
14115686.423423741,4492420.34020320
14113307.681752782,4492571.319688057
14131513.984472018,4488512.7058349
14130823.803629104,4490175.78319050
14131244.702623796,4487498.01714791
14128146.603271369,4485241.3650613
14130738.978177119,4491280.00173010
14130089.094989862,4490808.36983341
14128782.538126428,4488854.55166650
14128874.376706328,4489359.98850751
14130784.12936258,4489179.49056640
14129726.716651488,4488152.58236512
14129547.859625626,4489704.24286384
14134894.234205801,4487698.79058501
14132768.332494278,4483594.81513832
14134419.768272143,4488495.74687397
14134864.7011449,4491974.5872297
14135464.568484936,4493152.73075221
14139864.059476424,4495198.43272046
14161440.003181975,4512979.20199964
14159188.009883229,4512143.34365573
14156591.872378688,4514171.83683237
14158179.377372999,4515911.36764351
14160399.27726255,4518480.04255010
14158312.804914664,4518455.05797638
14155574.356573094,4511305.86787612
14154551.775730666,4505827.64616189
14160896.730671052,4514473.723015496
14159896.36919899,4513739.12602372
14159630.582782779,4514968.50443374
14161399.004213516,4514885.48936491
14160587.841348004,4515187.28381257
14163231.690386292,4477914.73841781
14164555.702145886,4485128.23367588
14154320.34250931,4455257.39262704
14159412.01809455,4458790.35080156
14172444.792006966,4462365.88217926
14179358.467093874,4461914.4150037
14168722.691248905,4471984.47633715
14160420.46136165,4471790.90941675
14158433.820333105,4471771.65638593
14161143.904468413,4474353.05073071
14162044.178586308,4471612.69788401
14151776.681012731,4477148.21175598
14149547.908959765,4476317.81603800
14152979.343395416,4476891.93656460
14149010.62543745,4473023.10662592
14145737.832408126,4473566.10047881
14150831.389292765,4480568.45987550
14155691.464677412,4478981.06891886
14151317.721884143,4481549.22852266
14150349.520612966,4483724.60132061
14149207.438297179,4478257.76503386
14145789.91879787,4477914.8363478
14148142.812083077,4484917.83577430
14147454.122921336,4483714.10302590
14150253.496420208,4485386.79548788
14149419.691170264,4484622.622233001
14146876.575139198,4483898.27263071
14148579.663160797,4486859.03478257
14145257.789367985,4483303.31997730
14146612.391723644,4481642.91039658
14147166.139398653,4482335.59995523
14113534.49521527,4558673.17285939
14117497.547011156,4555539.86183376
14124481.375641156,4558139.800923455
14115904.208875533,4543440.76389198
14109396.62729105,4544596.728142248
14110716.831924055,4540736.881665749
14109381.33199301,4541217.102707542
14109277.693547081,4538834.79315830
14115154.917382997,4571311.84720646
14104946.608382683,4561544.58637694
14105501.758683275,4573122.61242029
14119530.441288125,4568413.05049767
14128416.519640695,4572957.99717056
14107311.045499083,4569900.17218985
14114235.340465408,4550652.64310222
14105993.991207663,4551562.00630954
14121063.867273796,4547864.30064053
14112785.68239655,4544359.42317204
14112645.10814358,4546457.11610058
14112840.13989145,4547136.67340300
14206236.903236333,4455132.479317618
14195688.335080449,4457584.58478848
14198402.226342347,4452260.717852158
14191756.497269783,4478719.7962757
14182551.188013468,4481886.28563952
14192201.252031352,4486472.9253285
14192396.684529383,4471185.84695418
14184842.978030171,4470253.50412120
14177413.081068616,4473855.857810141
14191262.917779561,4463035.62408605
14186673.860827196,4478613.6045248
14186747.621121798,4477935.14986063
14186319.99842986,4478542.40488475
14187945.463370528,4479659.38109939
14156688.174870182,4438926.81215019
14159225.524551626,4447453.50795174
14152002.336752523,4444645.38737892
14169950.53410041,4442311.90690349
14164044.322669085,4440839.92883107
14166666.97647633,4452139.21726510
14190669.061692018,4451745.38967170
14184614.82873379,4450077.63235122
14179289.52693322,4449305.53451871
14172919.269072574,4438709.70870761
14166437.602665547,4431177.65090190
14161539.912424963,4435673.2354434
14168102.018296044,4439898.78649088
14167654.85903347,4439187.213914677
14166270.423054274,4441093.22571216
14092736.407583583,4535977.09166166
14095884.032977458,4531145.58050457
14096533.22598387,4539953.57208541
14091027.508684572,4529974.4735051
14087759.435601663,4539565.54194216
14112064.031533588,4523526.91411079
14111340.7625252,4522409.9161067
14106041.30199125,4525790.06686682
14106619.250523556,4523384.52261209
14101129.329459999,4529656.84298996 
14096245.554155763,4529213.21402492
14111493.6365818,4522550.8468776
14102921.573261771,4530880.06595256
14131952.304967012,4469825.96731464
14127498.133841652,4474345.55462365
14123533.824135523,4471958.036150
14117032.365123022,4451635.01730497
14126803.834177572,4461592.74646578
14118804.08161069,4450212.42073424
14128697.601354953,4457579.8373454
14131390.19719826,4450445.02543018
14135671.767453145,4462611.64857964
14117955.604451876,4468663.52893442
14111925.984233055,4467788.69889518
14108536.305738393,4469511.45231778
14105152.193218287,4462348.18297253
14145586.994498108,4466589.1577625
14146198.138502557,4468826.79012203
14144111.120689165,4468407.76747324
14147110.9031056,4463312.1499566
14149368.183641877,4468393.90190725
14144322.67224947,4471647.931684175
14135823.440259349,4470379.32344009
14139163.370073576,4467784.75750208
14141453.245395038,4468895.715616723
14141645.449627843,4467937.77408582
14142377.38641176,4468623.3430279
14163013.53758018,4490285.39725262
14169658.999485966,4492959.90886109
14175880.367527682,4487831.14799835
14174442.353477556,4481642.37858795
14171759.297714617,4504361.77729655
14171165.107668605,4508214.215494852
14160588.153042573,4503829.72835130
14166219.082505118,4496539.4804903
14166808.942222934,4498527.05306973
14145512.8914830,4497363.6517290
14135968.155597385,4550495.96249879
14131010.26377618,4539645.20705496
14140305.441257413,4561782.38239769
14135010.863636311,4565041.73213475
14135781.69545031,4554684.26790052
14142449.031636033,4547445.41514948
14144934.094552655,4557433.13548054
14142906.955493357,4554378.43988348
14147629.195084509,4555851.12223587
14148355.231935408,4552069.15859945
14145477.901397128,4554847.74815662
14153009.611164961,4554505.4854518
14161779.126878727,4563756.07944868
14163017.400366519,4549270.4358484
14158291.887982342,4558051.63428689
14169651.385232802,4565467.68968046
14162793.247439858,4570100.75764564
14158611.931518372,4578233.53603430
14164866.172205713,4580212.73932839
14172869.397940706,4573939.45895554
14178470.783210386,4583761.59463966
14168220.529025938,4591994.34410500
14165566.616705682,4601727.40786285
14159836.445917096,4565069.9463089
14155289.94640607,4558857.11660623
14208804.999361131,4480310.89800911
14207590.281077597,4480817.32385580
14209317.069018785,4482378.73536276
14211328.723536905,4467871.44053718
14213150.133045267,4485120.89788743
14216777.812611233,4477216.47825178
14197885.447870236,4485644.77564429
14196947.58116031,4493968.67986955
14186889.141590443,4495253.12568809
14202870.379195761,4491521.17671648
14198257.177045848,4467269.04870123
14201419.84170292,4481029.19312743
14146024.480096925,4594121.87720229
14144667.69587924,4583377.32328636
14145103.311310608,4576860.02531097
14139686.516020555,4591437.63036301
14128399.821717072,4583696.47200021
14136773.830411997,4586139.31789082
14124707.487790857,4576838.67113231
14139001.611721504,4587693.2002175
14149505.997171488,4605301.84175003
14139726.579905298,4598632.129392778
14195021.653782044,4554784.75158120
14198830.27204835,4563280.85382921
14176898.562382165,4553683.07785414
14192643.735875305,4533791.392836980
14184788.70977841,4542830.76245391
14177290.173218828,4551875.50060314
14192503.150490385,4507125.79200283
14191620.910130005,4505834.78602231
14183262.241260905,4508326.50155131
14173862.701757055,4515201.18318962
14188341.137368608,4511571.40514937
14176391.101351436,4523996.03011988
14212481.358940426,4514437.4748749
14216691.540005874,4516935.24017597
14203887.10463297,4507174.57082174
14221597.946562584,4497686.17897309
14208736.315235313,4505458.87687889
14197331.210389476,4498649.398225551
14363821.954389889,4178343.881892727
14362931.899401251,4177197.68851276
14365271.668118488,4181459.18248554
14367770.122769851,4176281.640802586
14366129.49611454,4186037.157710982
14369523.404749844,4191774.97650783
14369584.63046978,4182466.73804396
14359149.875361297,4190710.19001524
14378430.477958385,4186078.294017249
14357410.953595612,4178101.8649120
14370466.837434318,4196962.37218079
14358038.016287249,4192758.23763031
14369093.377556909,4187856.64238951
14372815.411523279,4183690.23109459
14359240.266787823,4184641.52781391
14384962.605490591,4197157.3540812
14316375.361023981,4282657.61942205
14319650.937040571,4285037.23136894
14311141.897803318,4282989.65070748
14315403.241306733,4279454.25061668
14313788.685676161,4284903.23849228
14319095.675420497,4281122.659285990
14308198.888765473,4277236.46031833
14296923.61584175,4269650.83872489
14129038.461635757,4183739.567886285
14125348.87730096,4184509.027000982
14127339.503567275,4180489.717403432
14127775.096734744,4187560.43316890
14114608.783961173,4182858.100638089
14185739.155590806,4345723.67556954
14184481.245344836,4345545.15646719
14180304.215223756,4349648.50001267
14177234.9364875,4350591.520794000
14187835.47971363,4349571.45410804
14397250.306919184,4241538.93803622
14396961.844722684,4238029.30185814
14406593.262725864,4232700.944469945
14400435.190946627,4243353.40429974
14377687.242246155,4235065.27346075
14170122.366866399,4382514.17739442
14218855.167892832,4562673.07290892
14239941.951491933,4486857.97063781
14346392.606056642,4544474.18208248
14372933.95564903,4512505.93375896
14358626.072629321,4462009.59880986
14314778.972734306,4608732.8849306
14378595.943249498,4502020.50670096
14236484.557351034,4536738.80246941
14247227.667449016,4507881.67174605
14300307.917604994,4464752.92071329
14292330.974401783,4490913.28403794
14322463.090016995,4492292.11371517
14267858.68678892,4589280.96933951
14317818.673881855,4590094.90560732
14172425.344491933,4600167.833213530
14216413.1744872,4594436.64658724
14247781.626631055,4594975.44084725
14300977.036800254,4633334.41678457
14240658.804484855,4437867.01147410
14270161.274796236,4457611.78488563
14191966.145266797,4388316.50361590
14189838.495839264,4388725.05219750
14185613.4758857,4389250.15369962
14191751.29864956,4390652.30807492
14218782.231362466,4368180.4725074
14201184.289660405,4342874.01024888
14224785.479993906,4324725.55255425
14186067.180734325,4418973.56483
14225151.643194977,4413404.46824036
14214442.307430495,4430741.21682266
14289592.481532421,4436952.4997255
14202250.619062718,4409184.25528487
14154308.141893122,4412250.33074011
14154790.188684102,4422180.11017328
14150825.133137379,4362242.59838416
14094472.702209283,4346601.12893347
14137852.08213177,4409877.98849795
14076382.628170382,4409157.62385792
14148553.95949037,4326415.97374956
14165253.352526639,4338465.12876462
14098172.01586758,4423784.37200398
14191922.953304369,4315610.28387617
14127531.529688891,4338618.08191057
14103262.544862065,4311673.819487750
14115560.565607455,4363985.16149968
14099812.976481367,4383681.22971194
14120753.619852956,4394965.50955906
14059419.363413136,4403707.17162472
14150912.79723638,4274811.05575046
14152532.440167677,4277172.39499768
14108284.389730733,4296167.70094614
14132877.648234237,4293504.36132060
14121549.554212127,4241596.0067832
14181038.69009206,4220617.58351577
14124310.221924063,4273629.4249758
14156175.170128804,4292181.29580248
14184872.199396502,4272005.85925442
14211137.398728076,4301558.43048372
14195585.364551466,4252198.15744963
14169755.27971356,4248161.79922815
14152880.369236153,4214887.79068847
14104399.339502048,4223268.19627400
14107910.133602683,4263748.12831555
14069930.650671545,4138345.005501542
14211303.676651482,4131371.33224886
14191814.973398294,4157183.82713640
14105383.670967434,4166030.85975981
14215042.419673417,4155819.656735453
14136258.977767084,4207613.65545567
14170078.161896605,4202272.46550350
14189109.286382873,4191435.557875903
14169296.220397417,4111168.04290421
14146487.62483837,4132870.70477501
14136069.957271714,4172653.131593633
14127225.40108921,4120700.283857386
14111660.153289039,4115348.353219859
14092961.26182304,4106079.33373681
14103822.826991174,4136757.255045920
14079879.741105605,4162588.65790736
14083761.44061761,4172844.24512627
14083253.011107314,4201617.34748279
14113619.409722846,4204984.973922403
14110285.624744523,4070643.849471172
14055585.742789198,4094358.612209776
14065342.784837734,4141294.5046111
14400230.886285175,4301827.76478772
14400922.51428147,4306383.73693799
14385233.9912772,4280860.71873148
14261542.363221567,4319870.79769486
14330106.508893836,4379128.35373967
14287222.122219112,4317090.4721882
14318365.196921911,4412053.7786020
14353380.742750932,4296942.61280626
14266619.99028707,4357321.63034819
14269688.155828413,4381629.29137034
14331405.496031906,4276580.25484531
14312642.595858704,4334101.5688566
14326503.542254824,4349263.69066414
14366573.571827214,4360819.98476817
14372724.819721673,4392752.74827060
14400882.105306316,4357889.7098318
14330601.991947357,4252211.8562966
14278137.115936492,4262980.209496343
14280394.118612323,4289505.80576558
14293610.525156755,4300014.992583021
14299307.856695551,4391502.44508993
14330437.751170639,4424219.51806101
14404786.636445884,4438142.969252042
14260878.798868898,4188414.109206583
14297108.628835443,4144110.890681445
14256058.24190348,4164377.936599811
14347894.328251343,4194987.340104
14332017.085314322,4232562.5867763
14318043.7062325,4147647.571235336
14364371.60550763,4209506.61655707
14320156.49450801,4198452.97725332
14327145.755529162,4190873.579588033
14312109.23078246,4190667.49715607
14313428.05505379,4193945.532005237
14327941.211214524,4181978.33691267
14278024.44947986,4207756.76164574
14294154.543508258,4200951.97379028
14303702.705664273,4238140.10594495
14284769.119315837,4160225.8024962
14236925.193291437,4141847.986925523
14221206.881191429,4173035.198739342
14234808.787132476,4220498.06374682
14218309.078998793,4234846.29979287
14238824.192484882,4257596.63968439
14267339.136461493,4241157.74832061